			EPOCH 0
disc_pred_real     	 disc_pred_fake    	 disc_real_loss     	 disc_fake_loss     	 generator_loss 
0.6769239		   		0.017654272		   		0.41416508		   		0.70396334		   		0.6863091
0.7604065		   		0.086421564		   		0.3871256		   		0.7389629		   		0.65254134
0.6751682		   		0.04605589		   		0.4143664		   		0.7185759		   		0.67252004
0.6750804		   		0.009559767		   		0.4144816		   		0.699862		   		0.69030225


			EPOCH 1
disc_pred_real     	 disc_pred_fake    	 disc_real_loss     	 disc_fake_loss     	 generator_loss 
0.65327847		   		0.0026224211		   		0.42242742		   		0.69621533		   		0.6935929
0.68025136		   		6.280118e-05		   		0.41299832		   		0.69520664		   		0.6951438
0.67601526		   		0.013670899		   		0.41411555		   		0.7018041		   		0.68813324
0.7118065		   		0.012934865		   		0.40279308		   		0.7017963		   		0.6888614


			EPOCH 2
disc_pred_real     	 disc_pred_fake    	 disc_real_loss     	 disc_fake_loss     	 generator_loss 
0.69533706		   		-0.019582184		   		0.40773278		   		0.685417		   		0.7049992
0.6400821		   		-0.057562042		   		0.42621422		   		0.6669427		   		0.72450477
0.6188927		   		-0.041986987		   		0.43442768		   		0.67455494		   		0.716542
0.6381738		   		-0.015319316		   		0.42785645		   		0.6878693		   		0.70318866


			EPOCH 3
disc_pred_real     	 disc_pred_fake    	 disc_real_loss     	 disc_fake_loss     	 generator_loss 
0.66579866		   		-0.0072776293		   		0.41820738		   		0.69166315		   		0.69894075
0.6403889		   		0.0077246916		   		0.42720723		   		0.6994997		   		0.69177496
0.6249958		   		-0.022773106		   		0.4320023		   		0.68390167		   		0.7066748
0.56991214		   		-0.036658935		   		0.45168692		   		0.6773966		   		0.71405554


			EPOCH 4
disc_pred_real     	 disc_pred_fake    	 disc_real_loss     	 disc_fake_loss     	 generator_loss 
0.53801		   		-0.039168723		   		0.4636094		   		0.67627376		   		0.7154425
0.54419136		   		-0.03642005		   		0.46122468		   		0.67817914		   		0.71459913
0.5611173		   		-0.011948793		   		0.45558253		   		0.6895256		   		0.7014744
0.57525206		   		0.008419441		   		0.45045197		   		0.7001921		   		0.69177264


