4.7693400382995605 0.0 2.442664861679077 0.5
9.269598007202148 0.0 1.9771547317504883 0.515625
40.824424743652344 0.0 15.685659408569336 0.5
21.30072784423828 0.0 7.736154556274414 0.5
13.749430656433105 0.0 2.400984764099121 0.5078125
7.7283759117126465 0.0 2.2350354194641113 0.5
1.9096604585647583 0.15625 0.3158840835094452 0.8671875
0.8561339378356934 0.515625 0.5260933041572571 0.734375
0.9087054133415222 0.4375 0.4493594169616699 0.75
0.48644623160362244 0.75 0.7872804403305054 0.625
1.2211260795593262 0.34375 0.4596671760082245 0.765625
1.3097604513168335 0.21875 0.39940929412841797 0.828125
2.166367530822754 0.078125 0.46549350023269653 0.78125
2.3757898807525635 0.046875 0.3730928897857666 0.828125
0.18355213105678558 0.953125 1.2250337600708008 0.515625
1.625396966934204 0.203125 0.3490403890609741 0.875
1.3934569358825684 0.234375 0.3928459882736206 0.8359375
5.2770843505859375 0.0 1.613785743713379 0.5
2.3911819458007812 0.046875 0.5167351961135864 0.75
0.20308753848075867 0.890625 1.4231334924697876 0.53125
0.0007662066491320729 1.0 4.416810989379883 0.5
0.005736761726438999 1.0 5.316311359405518 0.5
0.0031146106775850058 1.0 5.385168552398682 0.5
2.035456657409668 0.1875 0.28996387124061584 0.84375
2.3462939262390137 0.3125 0.2548885643482208 0.8671875
0.0029831952415406704 1.0 4.809256553649902 0.5
0.14639654755592346 0.90625 2.415390968322754 0.5390625
0.004779099486768246 1.0 4.128630638122559 0.5
13.031820297241211 0.0 5.064670562744141 0.5
1.5655930042266846 0.375 0.3190157413482666 0.8125
17.32257080078125 0.0 5.512005805969238 0.5
0.20502743124961853 0.953125 3.814603328704834 0.53125
0.6271271705627441 0.71875 1.4633084535598755 0.671875
6.799920082092285 0.0 0.7125008702278137 0.6796875
11.06624984741211 0.0 3.6998848915100098 0.5
0.03315708786249161 1.0 4.378754615783691 0.5
0.0011165121104568243 1.0 7.470340251922607 0.5
0.6492524147033691 0.828125 1.653836965560913 0.578125
1.019482135772705 0.625 0.8986527919769287 0.7421875
1.9454050064086914 0.53125 0.8551245331764221 0.7890625
12.11772632598877 0.0 2.98465633392334 0.5
2.36247510443377e-09 1.0 13.53460693359375 0.5
4.21169376373291 0.359375 0.3957061767578125 0.875
6.847233772277832 0.0 0.09072799980640411 0.9609375
18.80573272705078 0.0 4.072629928588867 0.515625
9.766611128725344e-07 1.0 10.142606735229492 0.5
0.14718760550022125 0.921875 4.597009181976318 0.5234375
13.263755798339844 0.0 2.8465161323547363 0.5
3.3344326766382437e-06 1.0 9.60996150970459 0.5
1.704416940917497e-09 1.0 19.845355987548828 0.5